1010 100 1.01332389E+03
1010 125 1.01332392E+03
1010 150 1.01332394E+03
1010 175 1.01332397E+03
1010 200 1.01332399E+03
1010 225 1.01332402E+03
1010 25 1.01332380E+03
1010 250 1.01332404E+03
1010 275 1.01332406E+03
1010 300 1.01332408E+03
1010 325 1.01332410E+03
1010 375 1.01332414E+03
1010 425 1.01332418E+03
1010 475 1.01332422E+03
1010 50 1.01332383E+03
1010 525 1.01332425E+03
1010 575 1.01332428E+03
1010 625 1.01332431E+03
1010 675 1.01332435E+03
1010 725 1.01332438E+03
1010 75 1.01332386E+03
1010 825 1.01332443E+03
1010 925 1.01332449E+03
1010 100 1.01330309E+03
1010 125 1.01330312E+03
1010 150 1.01330314E+03
1010 175 1.01330317E+03
1010 200 1.01330319E+03
1010 225 1.01330322E+03
1010 25 1.01330300E+03
1010 250 1.01330324E+03
1010 275 1.01330326E+03
1010 300 1.01330328E+03
1010 325 1.01330330E+03
1010 375 1.01330334E+03
1010 425 1.01330338E+03
1010 475 1.01330341E+03
1010 50 1.01330303E+03
1010 525 1.01330345E+03
1010 575 1.01330348E+03
1010 625 1.01330351E+03
1010 675 1.01330354E+03
1010 725 1.01330357E+03
1010 75 1.01330306E+03
1010 825 1.01330363E+03
1010 925 1.01330368E+03
1010 100 1.01328576E+03
1010 125 1.01328578E+03
1010 150 1.01328581E+03
1010 175 1.01328583E+03
1010 200 1.01328586E+03
1010 225 1.01328588E+03
1010 25 1.01328567E+03
1010 250 1.01328590E+03
1010 275 1.01328593E+03
1010 300 1.01328595E+03
1010 325 1.01328597E+03
1010 375 1.01328601E+03
1010 425 1.01328604E+03
1010 475 1.01328608E+03
1010 50 1.01328570E+03
1010 525 1.01328611E+03
1010 575 1.01328614E+03
1010 625 1.01328617E+03
1010 675 1.01328620E+03
1010 725 1.01328623E+03
1010 75 1.01328573E+03
1010 825 1.01328629E+03
1010 925 1.01328634E+03
1010 100 1.01322385E+03
1010 125 1.01322387E+03
1010 150 1.01322390E+03
1010 175 1.01322392E+03
1010 200 1.01322395E+03
1010 225 1.01322397E+03
1010 25 1.01322376E+03
1010 250 1.01322399E+03
1010 275 1.01322401E+03
1010 300 1.01322403E+03
1010 325 1.01322405E+03
1010 375 1.01322409E+03
1010 425 1.01322412E+03
1010 475 1.01322416E+03
1010 50 1.01322379E+03
1010 525 1.01322419E+03
1010 575 1.01322422E+03
1010 625 1.01322425E+03
1010 675 1.01322428E+03
1010 725 1.01322431E+03
1010 75 1.01322382E+03
1010 825 1.01322436E+03
1010 925 1.01322441E+03
110 100 1.41178398E+02
110 25 1.41186595E+02
110 50 1.41183061E+02
110 75 1.41180440E+02
110 100 1.40882580E+02
110 25 1.40890770E+02
110 50 1.40887271E+02
110 75 1.40884630E+02
110 100 1.40675897E+02
110 25 1.40684081E+02
110 50 1.40680605E+02
110 75 1.40677952E+02
110 100 1.40074574E+02
110 25 1.40082757E+02
110 50 1.40079346E+02
110 75 1.40076647E+02
110 100 1.41657785E+02
110 25 1.41665995E+02
110 50 1.41662407E+02
110 75 1.41659817E+02
1110 100 1.11290064E+03
1110 1025 1.11290126E+03
1110 125 1.11290066E+03
1110 150 1.11290069E+03
1110 175 1.11290071E+03
1110 200 1.11290073E+03
1110 225 1.11290075E+03
1110 25 1.11290056E+03
1110 250 1.11290077E+03
1110 275 1.11290079E+03
1110 300 1.11290081E+03
1110 325 1.11290083E+03
1110 375 1.11290087E+03
1110 425 1.11290090E+03
1110 475 1.11290094E+03
1110 50 1.11290059E+03
1110 525 1.11290097E+03
1110 575 1.11290100E+03
1110 625 1.11290103E+03
1110 675 1.11290106E+03
1110 725 1.11290109E+03
1110 75 1.11290061E+03
1110 825 1.11290115E+03
1110 925 1.11290120E+03
1110 100 1.11288600E+03
1110 1025 1.11288661E+03
1110 125 1.11288602E+03
1110 150 1.11288605E+03
1110 175 1.11288607E+03
1110 200 1.11288609E+03
1110 225 1.11288611E+03
1110 25 1.11288592E+03
1110 250 1.11288613E+03
1110 275 1.11288615E+03
1110 300 1.11288617E+03
1110 325 1.11288619E+03
1110 375 1.11288623E+03
1110 425 1.11288626E+03
1110 475 1.11288630E+03
1110 50 1.11288595E+03
1110 525 1.11288633E+03
1110 575 1.11288636E+03
1110 625 1.11288639E+03
1110 675 1.11288642E+03
1110 725 1.11288645E+03
1110 75 1.11288597E+03
1110 825 1.11288650E+03
1110 925 1.11288656E+03
1110 100 1.11283258E+03
1110 1025 1.11283317E+03
1110 125 1.11283260E+03
1110 150 1.11283262E+03
1110 175 1.11283265E+03
1110 200 1.11283267E+03
1110 225 1.11283269E+03
1110 25 1.11283250E+03
1110 250 1.11283271E+03
1110 275 1.11283273E+03
1110 300 1.11283275E+03
1110 325 1.11283276E+03
1110 375 1.11283280E+03
1110 425 1.11283283E+03
1110 475 1.11283286E+03
1110 50 1.11283253E+03
1110 525 1.11283290E+03
1110 575 1.11283293E+03
1110 625 1.11283295E+03
1110 675 1.11283298E+03
1110 725 1.11283301E+03
1110 75 1.11283255E+03
1110 825 1.11283306E+03
1110 925 1.11283312E+03
1210 100 1.21255259E+03
1210 1025 1.21255317E+03
1210 1125 1.21255322E+03
1210 125 1.21255261E+03
1210 150 1.21255263E+03
1210 175 1.21255265E+03
1210 200 1.21255267E+03
1210 225 1.21255269E+03
1210 25 1.21255252E+03
1210 250 1.21255271E+03
1210 275 1.21255273E+03
1210 300 1.21255275E+03
1210 325 1.21255277E+03
1210 375 1.21255280E+03
1210 425 1.21255283E+03
1210 475 1.21255286E+03
1210 50 1.21255255E+03
1210 525 1.21255289E+03
1210 575 1.21255292E+03
1210 625 1.21255295E+03
1210 675 1.21255298E+03
1210 725 1.21255301E+03
1210 75 1.21255257E+03
1210 825 1.21255306E+03
1210 925 1.21255312E+03
1210 100 1.21254019E+03
1210 1025 1.21254077E+03
1210 1125 1.21254082E+03
1210 125 1.21254021E+03
1210 150 1.21254023E+03
1210 175 1.21254025E+03
1210 200 1.21254027E+03
1210 225 1.21254029E+03
1210 25 1.21254012E+03
1210 250 1.21254031E+03
1210 275 1.21254033E+03
1210 300 1.21254035E+03
1210 325 1.21254036E+03
1210 375 1.21254040E+03
1210 425 1.21254043E+03
1210 475 1.21254046E+03
1210 50 1.21254015E+03
1210 525 1.21254049E+03
1210 575 1.21254052E+03
1210 625 1.21254055E+03
1210 675 1.21254058E+03
1210 725 1.21254061E+03
1210 75 1.21254017E+03
1210 825 1.21254066E+03
1210 925 1.21254071E+03
1210 100 1.21249398E+03
1210 1025 1.21249453E+03
1210 1125 1.21249458E+03
1210 125 1.21249400E+03
1210 150 1.21249402E+03
1210 175 1.21249404E+03
1210 200 1.21249406E+03
1210 225 1.21249407E+03
1210 25 1.21249391E+03
1210 250 1.21249409E+03
1210 275 1.21249411E+03
1210 300 1.21249413E+03
1210 325 1.21249414E+03
1210 375 1.21249418E+03
1210 425 1.21249421E+03
1210 475 1.21249424E+03
1210 50 1.21249393E+03
1210 525 1.21249427E+03
1210 575 1.21249430E+03
1210 625 1.21249432E+03
1210 675 1.21249435E+03
1210 725 1.21249438E+03
1210 75 1.21249396E+03
1210 825 1.21249443E+03
1210 925 1.21249448E+03
1310 100 1.31224567E+03
1310 1025 1.31224620E+03
1310 1125 1.31224625E+03
1310 1225 1.31224630E+03
1310 125 1.31224569E+03
1310 150 1.31224571E+03
1310 175 1.31224573E+03
1310 200 1.31224575E+03
1310 225 1.31224576E+03
1310 25 1.31224561E+03
1310 250 1.31224578E+03
1310 275 1.31224580E+03
1310 300 1.31224581E+03
1310 325 1.31224583E+03
1310 375 1.31224586E+03
1310 425 1.31224589E+03
1310 475 1.31224592E+03
1310 50 1.31224563E+03
1310 525 1.31224595E+03
1310 575 1.31224597E+03
1310 625 1.31224600E+03
1310 675 1.31224603E+03
1310 725 1.31224605E+03
1310 75 1.31224565E+03
1310 825 1.31224610E+03
1310 925 1.31224616E+03
1310 100 1.31223516E+03
1310 1025 1.31223569E+03
1310 1125 1.31223573E+03
1310 1225 1.31223578E+03
1310 125 1.31223518E+03
1310 150 1.31223519E+03
1310 175 1.31223521E+03
1310 200 1.31223523E+03
1310 225 1.31223525E+03
1310 25 1.31223510E+03
1310 250 1.31223526E+03
1310 275 1.31223528E+03
1310 300 1.31223530E+03
1310 325 1.31223531E+03
1310 375 1.31223534E+03
1310 425 1.31223537E+03
1310 475 1.31223540E+03
1310 50 1.31223512E+03
1310 525 1.31223543E+03
1310 575 1.31223546E+03
1310 625 1.31223548E+03
1310 675 1.31223551E+03
1310 725 1.31223554E+03
1310 75 1.31223514E+03
1310 825 1.31223559E+03
1310 925 1.31223564E+03
1310 100 1.31219516E+03
1310 1025 1.31219567E+03
1310 1125 1.31219572E+03
1310 1225 1.31219577E+03
1310 125 1.31219518E+03
1310 150 1.31219520E+03
1310 175 1.31219522E+03
1310 200 1.31219523E+03
1310 225 1.31219525E+03
1310 25 1.31219511E+03
1310 250 1.31219527E+03
1310 275 1.31219528E+03
1310 300 1.31219530E+03
1310 325 1.31219531E+03
1310 375 1.31219534E+03
1310 425 1.31219537E+03
1310 475 1.31219540E+03
1310 50 1.31219513E+03
1310 525 1.31219543E+03
1310 575 1.31219545E+03
1310 625 1.31219548E+03
1310 675 1.31219550E+03
1310 725 1.31219553E+03
1310 75 1.31219515E+03
1310 825 1.31219558E+03
1310 925 1.31219563E+03
1410 100 1.41197020E+03
1410 1025 1.41197069E+03
1410 1125 1.41197073E+03
1410 1225 1.41197078E+03
1410 125 1.41197022E+03
1410 1325 1.41197082E+03
1410 150 1.41197024E+03
1410 175 1.41197025E+03
1410 200 1.41197027E+03
1410 225 1.41197028E+03
1410 25 1.41197015E+03
1410 250 1.41197030E+03
1410 275 1.41197031E+03
1410 300 1.41197033E+03
1410 325 1.41197034E+03
1410 375 1.41197037E+03
1410 425 1.41197039E+03
1410 475 1.41197042E+03
1410 50 1.41197017E+03
1410 525 1.41197045E+03
1410 575 1.41197047E+03
1410 625 1.41197050E+03
1410 675 1.41197052E+03
1410 725 1.41197055E+03
1410 75 1.41197019E+03
1410 825 1.41197059E+03
1410 925 1.41197064E+03
1410 100 1.41196130E+03
1410 1025 1.41196178E+03
1410 1125 1.41196182E+03
1410 1225 1.41196187E+03
1410 125 1.41196132E+03
1410 1325 1.41196191E+03
1410 150 1.41196133E+03
1410 175 1.41196135E+03
1410 200 1.41196136E+03
1410 225 1.41196138E+03
1410 25 1.41196125E+03
1410 250 1.41196139E+03
1410 275 1.41196141E+03
1410 300 1.41196142E+03
1410 325 1.41196144E+03
1410 375 1.41196146E+03
1410 425 1.41196149E+03
1410 475 1.41196152E+03
1410 50 1.41196127E+03
1410 525 1.41196154E+03
1410 575 1.41196157E+03
1410 625 1.41196159E+03
1410 675 1.41196162E+03
1410 725 1.41196164E+03
1410 75 1.41196128E+03
1410 825 1.41196169E+03
1410 925 1.41196173E+03
1410 100 1.41192675E+03
1410 1025 1.41192722E+03
1410 1125 1.41192726E+03
1410 1225 1.41192731E+03
1410 125 1.41192677E+03
1410 1325 1.41192735E+03
1410 150 1.41192679E+03
1410 175 1.41192680E+03
1410 200 1.41192682E+03
1410 225 1.41192683E+03
1410 25 1.41192671E+03
1410 250 1.41192684E+03
1410 275 1.41192686E+03
1410 300 1.41192687E+03
1410 325 1.41192689E+03
1410 375 1.41192691E+03
1410 425 1.41192694E+03
1410 475 1.41192696E+03
1410 50 1.41192672E+03
1410 525 1.41192699E+03
1410 575 1.41192701E+03
1410 625 1.41192704E+03
1410 675 1.41192706E+03
1410 725 1.41192708E+03
1410 75 1.41192674E+03
1410 825 1.41192713E+03
1410 925 1.41192717E+03
1510 100 1.51171890E+03
1510 1025 1.51171933E+03
1510 1125 1.51171937E+03
1510 1225 1.51171942E+03
1510 125 1.51171891E+03
1510 1325 1.51171946E+03
1510 1425 1.51171950E+03
1510 150 1.51171893E+03
1510 175 1.51171894E+03
1510 200 1.51171896E+03
1510 225 1.51171897E+03
1510 25 1.51171886E+03
1510 250 1.51171898E+03
1510 275 1.51171900E+03
1510 300 1.51171901E+03
1510 325 1.51171902E+03
1510 375 1.51171905E+03
1510 425 1.51171907E+03
1510 475 1.51171909E+03
1510 50 1.51171887E+03
1510 525 1.51171912E+03
1510 575 1.51171914E+03
1510 625 1.51171916E+03
1510 675 1.51171918E+03
1510 725 1.51171921E+03
1510 75 1.51171889E+03
1510 825 1.51171925E+03
1510 925 1.51171929E+03
1510 100 1.51171139E+03
1510 1025 1.51171182E+03
1510 1125 1.51171186E+03
1510 1225 1.51171190E+03
1510 125 1.51171141E+03
1510 1325 1.51171194E+03
1510 1425 1.51171199E+03
1510 150 1.51171142E+03
1510 175 1.51171143E+03
1510 200 1.51171145E+03
1510 225 1.51171146E+03
1510 25 1.51171135E+03
1510 250 1.51171147E+03
1510 275 1.51171149E+03
1510 300 1.51171150E+03
1510 325 1.51171151E+03
1510 375 1.51171154E+03
1510 425 1.51171156E+03
1510 475 1.51171158E+03
1510 50 1.51171136E+03
1510 525 1.51171161E+03
1510 575 1.51171163E+03
1510 625 1.51171165E+03
1510 675 1.51171167E+03
1510 725 1.51171169E+03
1510 75 1.51171138E+03
1510 825 1.51171174E+03
1510 925 1.51171178E+03
1510 100 1.51168168E+03
1510 1025 1.51168210E+03
1510 1125 1.51168214E+03
1510 1225 1.51168218E+03
1510 125 1.51168169E+03
1510 1325 1.51168222E+03
1510 1425 1.51168226E+03
1510 150 1.51168171E+03
1510 175 1.51168172E+03
1510 200 1.51168173E+03
1510 225 1.51168175E+03
1510 25 1.51168164E+03
1510 250 1.51168176E+03
1510 275 1.51168177E+03
1510 300 1.51168178E+03
1510 325 1.51168180E+03
1510 375 1.51168182E+03
1510 425 1.51168184E+03
1510 475 1.51168187E+03
1510 50 1.51168165E+03
1510 525 1.51168189E+03
1510 575 1.51168191E+03
1510 625 1.51168193E+03
1510 675 1.51168195E+03
1510 725 1.51168197E+03
1510 75 1.51168167E+03
1510 825 1.51168202E+03
1510 925 1.51168206E+03
160 100 1.82795236E+02
160 125 1.82794514E+02
160 150 1.82793798E+02
160 25 1.82797060E+02
160 50 1.82796581E+02
160 75 1.82795939E+02
160 100 1.82572714E+02
160 125 1.82571993E+02
160 150 1.82571276E+02
160 25 1.82574546E+02
160 50 1.82574063E+02
160 75 1.82573419E+02
160 100 1.82415815E+02
160 125 1.82415091E+02
160 150 1.82414377E+02
160 25 1.82417653E+02
160 50 1.82417165E+02
160 75 1.82416521E+02
160 100 1.81955777E+02
160 125 1.81955054E+02
160 150 1.81954335E+02
160 25 1.81957628E+02
160 50 1.81957137E+02
160 75 1.81956487E+02
160 100 1.83146890E+02
160 125 1.83146169E+02
160 150 1.83145452E+02
160 25 1.83148707E+02
160 50 1.83148231E+02
160 75 1.83147592E+02
1710 100 1.71126208E+03
1710 1025 1.71126241E+03
1710 1125 1.71126245E+03
1710 1225 1.71126248E+03
1710 125 1.71126209E+03
1710 1325 1.71126251E+03
1710 1425 1.71126254E+03
1710 150 1.71126210E+03
1710 1525 1.71126258E+03
1710 175 1.71126211E+03
1710 200 1.71126212E+03
1710 225 1.71126213E+03
1710 25 1.71126205E+03
1710 250 1.71126214E+03
1710 275 1.71126215E+03
1710 300 1.71126216E+03
1710 325 1.71126217E+03
1710 375 1.71126219E+03
1710 425 1.71126221E+03
1710 475 1.71126223E+03
1710 50 1.71126206E+03
1710 525 1.71126224E+03
1710 575 1.71126226E+03
1710 625 1.71126228E+03
1710 675 1.71126230E+03
1710 725 1.71126231E+03
1710 75 1.71126207E+03
1710 825 1.71126235E+03
1710 925 1.71126238E+03
1710 100 1.71124066E+03
1710 1025 1.71124098E+03
1710 1125 1.71124102E+03
1710 1225 1.71124105E+03
1710 125 1.71124067E+03
1710 1325 1.71124108E+03
1710 1425 1.71124111E+03
1710 150 1.71124068E+03
1710 1525 1.71124114E+03
1710 175 1.71124069E+03
1710 200 1.71124070E+03
1710 225 1.71124071E+03
1710 25 1.71124063E+03
1710 250 1.71124072E+03
1710 275 1.71124073E+03
1710 300 1.71124074E+03
1710 325 1.71124075E+03
1710 375 1.71124077E+03
1710 425 1.71124079E+03
1710 475 1.71124080E+03
1710 50 1.71124064E+03
1710 525 1.71124082E+03
1710 575 1.71124084E+03
1710 625 1.71124085E+03
1710 675 1.71124087E+03
1710 725 1.71124089E+03
1710 75 1.71124065E+03
1710 825 1.71124092E+03
1710 925 1.71124095E+03
185 100 2.05008601E+02
185 125 2.05008129E+02
185 150 2.05007641E+02
185 175 2.05007150E+02
185 25 2.05009578E+02
185 50 2.05009383E+02
185 75 2.05009031E+02
185 100 2.04813090E+02
185 125 2.04812617E+02
185 150 2.04812129E+02
185 175 2.04811638E+02
185 25 2.04814071E+02
185 50 2.04813875E+02
185 75 2.04813523E+02
185 100 2.04674523E+02
185 125 2.04674051E+02
185 150 2.04673561E+02
185 175 2.04673072E+02
185 25 2.04675507E+02
185 50 2.04675308E+02
185 75 2.04674957E+02
185 100 2.04266330E+02
185 125 2.04265856E+02
185 150 2.04265366E+02
185 175 2.04264876E+02
185 25 2.04267324E+02
185 50 2.04267121E+02
185 75 2.04266766E+02
185 100 2.05313460E+02
185 125 2.05312989E+02
185 150 2.05312498E+02
185 175 2.05312010E+02
185 25 2.05314429E+02
185 50 2.05314239E+02
185 75 2.05313890E+02
2010 100 2.01065692E+03
2010 1025 2.01065710E+03
2010 1125 2.01065712E+03
2010 1225 2.01065714E+03
2010 125 2.01065692E+03
2010 1325 2.01065715E+03
2010 1425 2.01065717E+03
2010 150 2.01065693E+03
2010 1525 2.01065719E+03
2010 1725 2.01065723E+03
2010 175 2.01065693E+03
2010 200 2.01065694E+03
2010 225 2.01065694E+03
2010 25 2.01065690E+03
2010 250 2.01065695E+03
2010 275 2.01065695E+03
2010 300 2.01065696E+03
2010 325 2.01065696E+03
2010 375 2.01065697E+03
2010 425 2.01065698E+03
2010 475 2.01065699E+03
2010 50 2.01065691E+03
2010 525 2.01065700E+03
2010 575 2.01065701E+03
2010 625 2.01065702E+03
2010 675 2.01065703E+03
2010 725 2.01065704E+03
2010 75 2.01065691E+03
2010 825 2.01065706E+03
2010 925 2.01065708E+03
2010 100 2.01064569E+03
2010 1025 2.01064586E+03
2010 1125 2.01064588E+03
2010 1225 2.01064590E+03
2010 125 2.01064569E+03
2010 1325 2.01064592E+03
2010 1425 2.01064594E+03
2010 150 2.01064570E+03
2010 1525 2.01064595E+03
2010 1725 2.01064599E+03
2010 175 2.01064570E+03
2010 200 2.01064571E+03
2010 225 2.01064571E+03
2010 25 2.01064567E+03
2010 250 2.01064572E+03
2010 275 2.01064572E+03
2010 300 2.01064573E+03
2010 325 2.01064573E+03
2010 375 2.01064574E+03
2010 425 2.01064575E+03
2010 475 2.01064576E+03
2010 50 2.01064568E+03
2010 525 2.01064577E+03
2010 575 2.01064578E+03
2010 625 2.01064579E+03
2010 675 2.01064580E+03
2010 725 2.01064581E+03
2010 75 2.01064568E+03
2010 825 2.01064583E+03
2010 925 2.01064584E+03
210 100 2.27797448E+02
210 125 2.27797139E+02
210 150 2.27796804E+02
210 175 2.27796455E+02
210 200 2.27796104E+02
210 25 2.27797962E+02
210 50 2.27797901E+02
210 75 2.27797713E+02
210 100 2.27624200E+02
210 125 2.27623890E+02
210 150 2.27623553E+02
210 175 2.27623207E+02
210 200 2.27622855E+02
210 25 2.27624720E+02
210 50 2.27624656E+02
210 75 2.27624466E+02
210 100 2.27500749E+02
210 125 2.27500439E+02
210 150 2.27500103E+02
210 175 2.27499754E+02
210 200 2.27499403E+02
210 25 2.27501271E+02
210 50 2.27501208E+02
210 75 2.27501016E+02
210 100 2.27135244E+02
210 125 2.27134932E+02
210 150 2.27134595E+02
210 175 2.27134246E+02
210 200 2.27133894E+02
210 25 2.27135775E+02
210 50 2.27135707E+02
210 75 2.27135513E+02
210 100 2.28063956E+02
210 125 2.28063647E+02
210 150 2.28063312E+02
210 175 2.28062965E+02
210 200 2.28062613E+02
210 25 2.28064466E+02
210 50 2.28064406E+02
210 75 2.28064220E+02
235 100 2.51005104E+02
235 125 2.51004903E+02
235 150 2.51004672E+02
235 175 2.51004426E+02
235 200 2.51004172E+02
235 225 2.51003913E+02
235 25 2.51005352E+02
235 50 2.51005358E+02
235 75 2.51005265E+02
235 100 2.50850391E+02
235 125 2.50850187E+02
235 150 2.50849956E+02
235 175 2.50849709E+02
235 200 2.50849455E+02
235 225 2.50849197E+02
235 25 2.50850641E+02
235 50 2.50850646E+02
235 75 2.50850551E+02
235 100 2.50739534E+02
235 125 2.50739329E+02
235 150 2.50739100E+02
235 175 2.50738852E+02
235 200 2.50738597E+02
235 225 2.50738337E+02
235 25 2.50739788E+02
235 50 2.50739791E+02
235 75 2.50739695E+02
235 100 2.50409563E+02
235 125 2.50409357E+02
235 150 2.50409125E+02
235 175 2.50408878E+02
235 200 2.50408621E+02
235 225 2.50408362E+02
235 25 2.50409826E+02
235 50 2.50409826E+02
235 75 2.50409726E+02
235 100 2.51239906E+02
235 125 2.51239704E+02
235 150 2.51239475E+02
235 175 2.51239229E+02
235 200 2.51238973E+02
235 225 2.51238717E+02
235 25 2.51240147E+02
235 50 2.51240156E+02
235 75 2.51240065E+02
260 100 2.74525395E+02
260 125 2.74525264E+02
260 150 2.74525108E+02
260 175 2.74524934E+02
260 200 2.74524750E+02
260 225 2.74524558E+02
260 25 2.74525478E+02
260 250 2.74524364E+02
260 50 2.74525521E+02
260 75 2.74525486E+02
260 100 2.74386270E+02
260 125 2.74386140E+02
260 150 2.74385983E+02
260 175 2.74385808E+02
260 200 2.74385623E+02
260 225 2.74385432E+02
260 25 2.74386357E+02
260 250 2.74385238E+02
260 50 2.74386399E+02
260 75 2.74386362E+02
260 100 2.74286023E+02
260 125 2.74285892E+02
260 150 2.74285734E+02
260 175 2.74285560E+02
260 200 2.74285375E+02
260 225 2.74285183E+02
260 25 2.74286114E+02
260 250 2.74284988E+02
260 50 2.74286153E+02
260 75 2.74286116E+02
260 100 2.73985973E+02
260 125 2.73985840E+02
260 150 2.73985682E+02
260 175 2.73985505E+02
260 200 2.73985318E+02
260 225 2.73985126E+02
260 25 2.73986072E+02
260 250 2.73984932E+02
260 50 2.73986109E+02
260 75 2.73986068E+02
260 100 2.74733726E+02
260 125 2.74733597E+02
260 150 2.74733440E+02
260 175 2.74733268E+02
260 200 2.74733084E+02
260 225 2.74732892E+02
260 25 2.74733802E+02
260 250 2.74732699E+02
260 50 2.74733850E+02
260 75 2.74733815E+02
285 100 2.98284379E+02
285 125 2.98284300E+02
285 150 2.98284197E+02
285 175 2.98284075E+02
285 200 2.98283942E+02
285 225 2.98283802E+02
285 25 2.98284361E+02
285 250 2.98283657E+02
285 275 2.98283510E+02
285 50 2.98284425E+02
285 75 2.98284425E+02
285 100 2.98158507E+02
285 125 2.98158427E+02
285 150 2.98158321E+02
285 175 2.98158200E+02
285 200 2.98158067E+02
285 225 2.98157926E+02
285 25 2.98158492E+02
285 250 2.98157780E+02
285 275 2.98157633E+02
285 50 2.98158554E+02
285 75 2.98158554E+02
285 100 2.98067293E+02
285 125 2.98067213E+02
285 150 2.98067107E+02
285 175 2.98066986E+02
285 200 2.98066852E+02
285 225 2.98066711E+02
285 25 2.98067282E+02
285 250 2.98066565E+02
285 275 2.98066417E+02
285 50 2.98067342E+02
285 75 2.98067341E+02
285 100 2.97792717E+02
285 125 2.97792634E+02
285 150 2.97792528E+02
285 175 2.97792403E+02
285 200 2.97792269E+02
285 225 2.97792128E+02
285 25 2.97792714E+02
285 250 2.97791981E+02
285 275 2.97791831E+02
285 50 2.97792771E+02
285 75 2.97792766E+02
285 100 2.98470400E+02
285 125 2.98470322E+02
285 150 2.98470219E+02
285 175 2.98470098E+02
285 200 2.98469966E+02
285 225 2.98469827E+02
285 25 2.98470376E+02
285 250 2.98469682E+02
285 275 2.98469536E+02
285 50 2.98470441E+02
285 75 2.98470445E+02
310 100 3.22229274E+02
310 125 3.22229229E+02
310 150 3.22229164E+02
310 175 3.22229080E+02
310 200 3.22228987E+02
310 225 3.22228885E+02
310 25 3.22229190E+02
310 250 3.22228777E+02
310 275 3.22228666E+02
310 300 3.22228553E+02
310 50 3.22229264E+02
310 75 3.22229288E+02
310 100 3.22114771E+02
310 125 3.22114726E+02
310 150 3.22114659E+02
310 175 3.22114577E+02
310 200 3.22114482E+02
310 225 3.22114379E+02
310 25 3.22114692E+02
310 250 3.22114272E+02
310 275 3.22114159E+02
310 300 3.22114046E+02
310 50 3.22114764E+02
310 75 3.22114787E+02
310 100 3.22031326E+02
310 125 3.22031280E+02
310 150 3.22031212E+02
310 175 3.22031129E+02
310 200 3.22031034E+02
310 225 3.22030931E+02
310 25 3.22031249E+02
310 250 3.22030823E+02
310 275 3.22030712E+02
310 300 3.22030598E+02
310 50 3.22031320E+02
310 75 3.22031342E+02
310 100 3.21778663E+02
310 125 3.21778615E+02
310 150 3.21778545E+02
310 175 3.21778460E+02
310 200 3.21778365E+02
310 225 3.21778260E+02
310 25 3.21778594E+02
310 250 3.21778150E+02
310 275 3.21778038E+02
310 300 3.21777923E+02
310 50 3.21778663E+02
310 75 3.21778681E+02
310 100 3.22396318E+02
310 125 3.22396275E+02
310 150 3.22396209E+02
310 175 3.22396127E+02
310 200 3.22396034E+02
310 225 3.22395933E+02
310 25 3.22396228E+02
310 250 3.22395826E+02
310 275 3.22395716E+02
310 300 3.22395603E+02
310 50 3.22396305E+02
310 75 3.22396330E+02
335 100 3.46321518E+02
335 125 3.46321500E+02
335 150 3.46321460E+02
335 175 3.46321407E+02
335 200 3.46321343E+02
335 225 3.46321270E+02
335 25 3.46321394E+02
335 250 3.46321191E+02
335 275 3.46321107E+02
335 300 3.46321022E+02
335 325 3.46320936E+02
335 50 3.46321473E+02
335 75 3.46321512E+02
335 100 3.46216859E+02
335 125 3.46216839E+02
335 150 3.46216800E+02
335 175 3.46216745E+02
335 200 3.46216680E+02
335 225 3.46216607E+02
335 25 3.46216738E+02
335 250 3.46216528E+02
335 275 3.46216444E+02
335 300 3.46216358E+02
335 325 3.46216271E+02
335 50 3.46216816E+02
335 75 3.46216853E+02
335 100 3.46140155E+02
335 125 3.46140134E+02
335 150 3.46140094E+02
335 175 3.46140040E+02
335 200 3.46139974E+02
335 225 3.46139900E+02
335 25 3.46140037E+02
335 250 3.46139820E+02
335 275 3.46139736E+02
335 300 3.46139651E+02
335 325 3.46139562E+02
335 50 3.46140114E+02
335 75 3.46140151E+02
335 100 3.45906519E+02
335 125 3.45906497E+02
335 150 3.45906455E+02
335 175 3.45906399E+02
335 200 3.45906332E+02
335 225 3.45906257E+02
335 25 3.45906409E+02
335 250 3.45906176E+02
335 275 3.45906091E+02
335 300 3.45906003E+02
335 325 3.45905914E+02
335 50 3.45906484E+02
335 75 3.45906517E+02
335 100 3.46472285E+02
335 125 3.46472267E+02
335 150 3.46472230E+02
335 175 3.46472177E+02
335 200 3.46472114E+02
335 225 3.46472041E+02
335 25 3.46472155E+02
335 250 3.46471963E+02
335 275 3.46471881E+02
335 300 3.46471796E+02
335 325 3.46471709E+02
335 50 3.46472236E+02
335 75 3.46472278E+02
360 100 3.70532373E+02
360 125 3.70532372E+02
360 150 3.70532353E+02
360 175 3.70532321E+02
360 200 3.70532278E+02
360 225 3.70532228E+02
360 25 3.70532222E+02
360 250 3.70532172E+02
360 275 3.70532111E+02
360 300 3.70532048E+02
360 325 3.70531982E+02
360 50 3.70532304E+02
360 75 3.70532352E+02
360 100 3.70436302E+02
360 125 3.70436300E+02
360 150 3.70436281E+02
360 175 3.70436248E+02
360 200 3.70436206E+02
360 225 3.70436155E+02
360 25 3.70436156E+02
360 250 3.70436098E+02
360 275 3.70436037E+02
360 300 3.70435972E+02
360 325 3.70435907E+02
360 50 3.70436236E+02
360 75 3.70436283E+02
360 100 3.70365496E+02
360 125 3.70365494E+02
360 150 3.70365474E+02
360 175 3.70365441E+02
360 200 3.70365397E+02
360 225 3.70365346E+02
360 25 3.70365353E+02
360 250 3.70365289E+02
360 275 3.70365227E+02
360 300 3.70365163E+02
360 325 3.70365096E+02
360 50 3.70365432E+02
360 75 3.70365477E+02
360 100 3.70148526E+02
360 125 3.70148521E+02
360 150 3.70148500E+02
360 175 3.70148464E+02
360 200 3.70148420E+02
360 225 3.70148368E+02
360 25 3.70148389E+02
360 250 3.70148309E+02
360 275 3.70148246E+02
360 300 3.70148181E+02
360 325 3.70148112E+02
360 50 3.70148466E+02
360 75 3.70148509E+02
360 100 3.70669070E+02
360 125 3.70669070E+02
360 150 3.70669053E+02
360 175 3.70669021E+02
360 200 3.70668981E+02
360 225 3.70668931E+02
360 25 3.70668915E+02
360 250 3.70668875E+02
360 275 3.70668816E+02
360 300 3.70668753E+02
360 325 3.70668687E+02
360 50 3.70668998E+02
360 75 3.70669048E+02
385 100 3.94840016E+02
385 125 3.94840028E+02
385 150 3.94840024E+02
385 175 3.94840009E+02
385 200 3.94839983E+02
385 225 3.94839952E+02
385 25 3.94839851E+02
385 250 3.94839912E+02
385 275 3.94839869E+02
385 300 3.94839822E+02
385 325 3.94839774E+02
385 375 3.94839672E+02
385 50 3.94839932E+02
385 75 3.94839985E+02
385 100 3.94751495E+02
385 125 3.94751506E+02
385 150 3.94751502E+02
385 175 3.94751485E+02
385 200 3.94751460E+02
385 225 3.94751426E+02
385 25 3.94751332E+02
385 250 3.94751387E+02
385 275 3.94751343E+02
385 300 3.94751297E+02
385 325 3.94751247E+02
385 375 3.94751144E+02
385 50 3.94751413E+02
385 75 3.94751465E+02
385 100 3.94685889E+02
385 125 3.94685899E+02
385 150 3.94685894E+02
385 175 3.94685877E+02
385 200 3.94685851E+02
385 225 3.94685816E+02
385 25 3.94685728E+02
385 250 3.94685777E+02
385 275 3.94685734E+02
385 300 3.94685686E+02
385 325 3.94685636E+02
385 375 3.94685533E+02
385 50 3.94685807E+02
385 75 3.94685860E+02
385 100 3.94483628E+02
385 125 3.94483635E+02
385 150 3.94483630E+02
385 175 3.94483610E+02
385 200 3.94483582E+02
385 225 3.94483547E+02
385 25 3.94483474E+02
385 250 3.94483506E+02
385 275 3.94483461E+02
385 300 3.94483412E+02
385 325 3.94483362E+02
385 375 3.94483256E+02
385 50 3.94483551E+02
385 75 3.94483601E+02
385 100 3.94964466E+02
385 125 3.94964478E+02
385 150 3.94964476E+02
385 175 3.94964461E+02
385 200 3.94964437E+02
385 225 3.94964405E+02
385 25 3.94964294E+02
385 250 3.94964367E+02
385 275 3.94964325E+02
385 300 3.94964279E+02
385 325 3.94964231E+02
385 375 3.94964131E+02
385 50 3.94964378E+02
385 75 3.94964433E+02
410 100 4.19227610E+02
410 125 4.19227630E+02
410 150 4.19227638E+02
410 175 4.19227635E+02
410 200 4.19227623E+02
410 225 4.19227604E+02
410 25 4.19227434E+02
410 250 4.19227578E+02
410 275 4.19227549E+02
410 300 4.19227517E+02
410 325 4.19227482E+02
410 375 4.19227407E+02
410 50 4.19227515E+02
410 75 4.19227572E+02
410 100 4.19145767E+02
410 125 4.19145787E+02
410 150 4.19145794E+02
410 175 4.19145790E+02
410 200 4.19145777E+02
410 225 4.19145758E+02
410 25 4.19145596E+02
410 250 4.19145732E+02
410 275 4.19145703E+02
410 300 4.19145669E+02
410 325 4.19145633E+02
410 375 4.19145557E+02
410 50 4.19145674E+02
410 75 4.19145730E+02
410 100 4.19084775E+02
410 125 4.19084793E+02
410 150 4.19084800E+02
410 175 4.19084796E+02
410 200 4.19084783E+02
410 225 4.19084762E+02
410 25 4.19084605E+02
410 250 4.19084736E+02
410 275 4.19084706E+02
410 300 4.19084673E+02
410 325 4.19084637E+02
410 375 4.19084560E+02
410 50 4.19084684E+02
410 75 4.19084739E+02
410 100 4.18895588E+02
410 125 4.18895606E+02
410 150 4.18895611E+02
410 175 4.18895604E+02
410 200 4.18895589E+02
410 225 4.18895568E+02
410 25 4.18895426E+02
410 250 4.18895541E+02
410 275 4.18895509E+02
410 300 4.18895475E+02
410 325 4.18895437E+02
410 375 4.18895358E+02
410 50 4.18895502E+02
410 75 4.18895554E+02
410 100 4.19341328E+02
410 125 4.19341350E+02
410 150 4.19341359E+02
410 175 4.19341357E+02
410 200 4.19341345E+02
410 225 4.19341327E+02
410 25 4.19341148E+02
410 250 4.19341304E+02
410 275 4.19341275E+02
410 300 4.19341243E+02
410 325 4.19341208E+02
410 375 4.19341135E+02
410 50 4.19341231E+02
410 75 4.19341289E+02
460 100 4.68192612E+02
460 125 4.68192644E+02
460 150 4.68192666E+02
460 175 4.68192679E+02
460 200 4.68192685E+02
460 225 4.68192685E+02
460 25 4.68192431E+02
460 250 4.68192679E+02
460 275 4.68192670E+02
460 300 4.68192658E+02
460 325 4.68192643E+02
460 375 4.68192607E+02
460 425 4.68192567E+02
460 50 4.68192507E+02
460 75 4.68192567E+02
460 100 4.68122030E+02
460 125 4.68122062E+02
460 150 4.68122083E+02
460 175 4.68122096E+02
460 200 4.68122101E+02
460 225 4.68122100E+02
460 25 4.68121853E+02
460 250 4.68122095E+02
460 275 4.68122084E+02
460 300 4.68122071E+02
460 325 4.68122056E+02
460 375 4.68122020E+02
460 425 4.68121978E+02
460 50 4.68121928E+02
460 75 4.68121987E+02
460 100 4.68068857E+02
460 125 4.68068888E+02
460 150 4.68068909E+02
460 175 4.68068921E+02
460 200 4.68068926E+02
460 225 4.68068925E+02
460 25 4.68068682E+02
460 250 4.68068918E+02
460 275 4.68068908E+02
460 300 4.68068895E+02
460 325 4.68068879E+02
460 375 4.68068841E+02
460 425 4.68068799E+02
460 50 4.68068756E+02
460 75 4.68068815E+02
460 100 4.67901892E+02
460 125 4.67901921E+02
460 150 4.67901940E+02
460 175 4.67901950E+02
460 200 4.67901954E+02
460 225 4.67901951E+02
460 25 4.67901722E+02
460 250 4.67901943E+02
460 275 4.67901932E+02
460 300 4.67901917E+02
460 325 4.67901899E+02
460 375 4.67901860E+02
460 425 4.67901815E+02
460 50 4.67901794E+02
460 75 4.67901851E+02
460 100 4.68288494E+02
460 125 4.68288528E+02
460 150 4.68288550E+02
460 175 4.68288564E+02
460 200 4.68288571E+02
460 225 4.68288572E+02
460 25 4.68288309E+02
460 250 4.68288568E+02
460 275 4.68288559E+02
460 300 4.68288547E+02
460 325 4.68288533E+02
460 375 4.68288498E+02
460 425 4.68288460E+02
460 50 4.68288387E+02
460 75 4.68288448E+02
5010 100 4.09890566E+03
5010 1025 4.09890546E+03
5010 1125 4.09890543E+03
5010 1225 4.09890541E+03
5010 125 4.09890566E+03
5010 1325 4.09890538E+03
5010 1425 4.09890536E+03
5010 150 4.09890565E+03
5010 1525 4.09890533E+03
5010 1725 4.09890528E+03
5010 175 4.09890565E+03
5010 200 4.09890564E+03
5010 2025 4.09890520E+03
5010 225 4.09890564E+03
5010 25 4.09890568E+03
5010 250 4.09890563E+03
5010 275 4.09890563E+03
5010 300 4.09890562E+03
5010 325 4.09890561E+03
5010 375 4.09890560E+03
5010 425 4.09890559E+03
5010 475 4.09890558E+03
5010 50 4.09890567E+03
5010 525 4.09890557E+03
5010 575 4.09890556E+03
5010 625 4.09890555E+03
5010 675 4.09890554E+03
5010 725 4.09890553E+03
5010 75 4.09890567E+03
5010 825 4.09890550E+03
5010 925 4.09890548E+03
510 100 5.17350739E+02
510 125 5.17350776E+02
510 150 5.17350806E+02
510 175 5.17350829E+02
510 200 5.17350845E+02
510 225 5.17350857E+02
510 25 5.17350562E+02
510 250 5.17350865E+02
510 275 5.17350869E+02
510 300 5.17350869E+02
510 325 5.17350868E+02
510 375 5.17350858E+02
510 425 5.17350844E+02
510 475 5.17350826E+02
510 50 5.17350633E+02
510 75 5.17350692E+02
510 100 5.17289258E+02
510 125 5.17289295E+02
510 150 5.17289324E+02
510 175 5.17289346E+02
510 200 5.17289362E+02
510 225 5.17289373E+02
510 25 5.17289084E+02
510 250 5.17289380E+02
510 275 5.17289383E+02
510 300 5.17289383E+02
510 325 5.17289381E+02
510 375 5.17289371E+02
510 425 5.17289355E+02
510 475 5.17289336E+02
510 50 5.17289154E+02
510 75 5.17289211E+02
510 100 5.17242450E+02
510 125 5.17242486E+02
510 150 5.17242515E+02
510 175 5.17242537E+02
510 200 5.17242551E+02
510 225 5.17242562E+02
510 25 5.17242278E+02
510 250 5.17242569E+02
510 275 5.17242572E+02
510 300 5.17242571E+02
510 325 5.17242569E+02
510 375 5.17242557E+02
510 425 5.17242541E+02
510 475 5.17242522E+02
510 50 5.17242347E+02
510 75 5.17242404E+02
510 100 5.17093654E+02
510 125 5.17093689E+02
510 150 5.17093716E+02
510 175 5.17093736E+02
510 200 5.17093751E+02
510 225 5.17093760E+02
510 25 5.17093488E+02
510 250 5.17093765E+02
510 275 5.17093766E+02
510 300 5.17093765E+02
510 325 5.17093761E+02
510 375 5.17093747E+02
510 425 5.17093729E+02
510 475 5.17093707E+02
510 50 5.17093555E+02
510 75 5.17093610E+02
510 100 5.17432484E+02
510 125 5.17432523E+02
510 150 5.17432554E+02
510 175 5.17432577E+02
510 200 5.17432595E+02
510 225 5.17432607E+02
510 25 5.17432304E+02
510 250 5.17432616E+02
510 275 5.17432620E+02
510 300 5.17432621E+02
510 325 5.17432620E+02
510 375 5.17432612E+02
510 425 5.17432599E+02
510 475 5.17432582E+02
510 50 5.17432376E+02
510 75 5.17432436E+02
560 100 5.66651671E+02
560 125 5.66651711E+02
560 150 5.66651745E+02
560 175 5.66651773E+02
560 200 5.66651796E+02
560 225 5.66651815E+02
560 25 5.66651503E+02
560 250 5.66651830E+02
560 275 5.66651842E+02
560 300 5.66651851E+02
560 325 5.66651858E+02
560 375 5.66651867E+02
560 425 5.66651870E+02
560 475 5.66651870E+02
560 50 5.66651568E+02
560 525 5.66651867E+02
560 75 5.66651623E+02
560 100 5.66597672E+02
560 125 5.66597712E+02
560 150 5.66597745E+02
560 175 5.66597772E+02
560 200 5.66597794E+02
560 225 5.66597813E+02
560 25 5.66597506E+02
560 250 5.66597827E+02
560 275 5.66597838E+02
560 300 5.66597847E+02
560 325 5.66597854E+02
560 375 5.66597861E+02
560 425 5.66597864E+02
560 475 5.66597863E+02
560 50 5.66597570E+02
560 525 5.66597860E+02
560 75 5.66597625E+02
560 100 5.66556136E+02
560 125 5.66556176E+02
560 150 5.66556208E+02
560 175 5.66556235E+02
560 200 5.66556257E+02
560 225 5.66556275E+02
560 25 5.66555972E+02
560 250 5.66556289E+02
560 275 5.66556300E+02
560 300 5.66556308E+02
560 325 5.66556314E+02
560 375 5.66556322E+02
560 425 5.66556323E+02
560 475 5.66556322E+02
560 50 5.66556036E+02
560 525 5.66556318E+02
560 75 5.66556090E+02
560 100 5.66422480E+02
560 125 5.66422517E+02
560 150 5.66422548E+02
560 175 5.66422574E+02
560 200 5.66422595E+02
560 225 5.66422611E+02
560 25 5.66422321E+02
560 250 5.66422624E+02
560 275 5.66422634E+02
560 300 5.66422641E+02
560 325 5.66422646E+02
560 375 5.66422651E+02
560 425 5.66422650E+02
560 475 5.66422647E+02
560 50 5.66422383E+02
560 525 5.66422641E+02
560 75 5.66422435E+02
610 100 6.16061056E+02
610 125 6.16061097E+02
610 150 6.16061132E+02
610 175 6.16061163E+02
610 200 6.16061189E+02
610 225 6.16061213E+02
610 25 6.16060898E+02
610 250 6.16061233E+02
610 275 6.16061250E+02
610 300 6.16061265E+02
610 325 6.16061277E+02
610 375 6.16061299E+02
610 425 6.16061314E+02
610 475 6.16061326E+02
610 50 6.16060957E+02
610 525 6.16061336E+02
610 575 6.16061344E+02
610 75 6.16061010E+02
610 100 6.16013299E+02
610 125 6.16013339E+02
610 150 6.16013374E+02
610 175 6.16013404E+02
610 200 6.16013430E+02
610 225 6.16013453E+02
610 25 6.16013142E+02
610 250 6.16013472E+02
610 275 6.16013489E+02
610 300 6.16013503E+02
610 325 6.16013516E+02
610 375 6.16013536E+02
610 425 6.16013550E+02
610 475 6.16013562E+02
610 50 6.16013202E+02
610 525 6.16013570E+02
610 575 6.16013578E+02
610 75 6.16013253E+02
610 100 6.15976198E+02
610 125 6.15976237E+02
610 150 6.15976272E+02
610 175 6.15976302E+02
610 200 6.15976327E+02
610 225 6.15976349E+02
610 25 6.15976043E+02
610 250 6.15976368E+02
610 275 6.15976384E+02
610 300 6.15976399E+02
610 325 6.15976411E+02
610 375 6.15976430E+02
610 425 6.15976444E+02
610 475 6.15976455E+02
610 50 6.15976101E+02
610 525 6.15976463E+02
610 575 6.15976470E+02
610 75 6.15976153E+02
610 100 6.15855353E+02
610 125 6.15855391E+02
610 150 6.15855423E+02
610 175 6.15855452E+02
610 200 6.15855476E+02
610 225 6.15855497E+02
610 25 6.15855202E+02
610 250 6.15855515E+02
610 275 6.15855530E+02
610 300 6.15855543E+02
610 325 6.15855554E+02
610 375 6.15855571E+02
610 425 6.15855583E+02
610 475 6.15855592E+02
610 50 6.15855259E+02
610 525 6.15855598E+02
610 575 6.15855603E+02
610 75 6.15855309E+02
660 100 6.65554667E+02
660 125 6.65554707E+02
660 150 6.65554742E+02
660 175 6.65554774E+02
660 200 6.65554802E+02
660 225 6.65554828E+02
660 25 6.65554518E+02
660 250 6.65554851E+02
660 275 6.65554871E+02
660 300 6.65554890E+02
660 325 6.65554907E+02
660 375 6.65554935E+02
660 425 6.65554959E+02
660 475 6.65554980E+02
660 50 6.65554573E+02
660 525 6.65554999E+02
660 575 6.65555015E+02
660 625 6.65555031E+02
660 75 6.65554623E+02
660 100 6.65512183E+02
660 125 6.65512222E+02
660 150 6.65512257E+02
660 175 6.65512288E+02
660 200 6.65512316E+02
660 225 6.65512341E+02
660 25 6.65512036E+02
660 250 6.65512364E+02
660 275 6.65512384E+02
660 300 6.65512402E+02
660 325 6.65512418E+02
660 375 6.65512446E+02
660 425 6.65512469E+02
660 475 6.65512489E+02
660 50 6.65512090E+02
660 525 6.65512507E+02
660 575 6.65512523E+02
660 625 6.65512537E+02
660 75 6.65512139E+02
660 100 6.65478858E+02
660 125 6.65478897E+02
660 150 6.65478932E+02
660 175 6.65478963E+02
660 200 6.65478990E+02
660 225 6.65479015E+02
660 25 6.65478713E+02
660 250 6.65479037E+02
660 275 6.65479057E+02
660 300 6.65479074E+02
660 325 6.65479090E+02
660 375 6.65479118E+02
660 425 6.65479141E+02
660 475 6.65479160E+02
660 50 6.65478766E+02
660 525 6.65479177E+02
660 575 6.65479192E+02
660 625 6.65479206E+02
660 75 6.65478814E+02
660 100 6.65369000E+02
660 125 6.65369038E+02
660 150 6.65369071E+02
660 175 6.65369101E+02
660 200 6.65369127E+02
660 225 6.65369151E+02
660 25 6.65368859E+02
660 250 6.65369172E+02
660 275 6.65369190E+02
660 300 6.65369207E+02
660 325 6.65369222E+02
660 375 6.65369247E+02
660 425 6.65369268E+02
660 475 6.65369285E+02
660 50 6.65368911E+02
660 525 6.65369300E+02
660 575 6.65369313E+02
660 625 6.65369326E+02
660 75 6.65368958E+02
710 100 7.15114936E+02
710 125 7.15114974E+02
710 150 7.15115009E+02
710 175 7.15115042E+02
710 200 7.15115071E+02
710 225 7.15115097E+02
710 25 7.15114797E+02
710 250 7.15115122E+02
710 275 7.15115144E+02
710 300 7.15115165E+02
710 325 7.15115184E+02
710 375 7.15115218E+02
710 425 7.15115248E+02
710 475 7.15115275E+02
710 50 7.15114847E+02
710 525 7.15115299E+02
710 575 7.15115322E+02
710 625 7.15115343E+02
710 675 7.15115363E+02
710 75 7.15114894E+02
710 100 7.15076954E+02
710 125 7.15076992E+02
710 150 7.15077027E+02
710 175 7.15077058E+02
710 200 7.15077087E+02
710 225 7.15077113E+02
710 25 7.15076817E+02
710 250 7.15077137E+02
710 275 7.15077159E+02
710 300 7.15077179E+02
710 325 7.15077198E+02
710 375 7.15077232E+02
710 425 7.15077261E+02
710 475 7.15077287E+02
710 50 7.15076867E+02
710 525 7.15077310E+02
710 575 7.15077332E+02
710 625 7.15077353E+02
710 675 7.15077372E+02
710 75 7.15076913E+02
710 100 7.15046882E+02
710 125 7.15046919E+02
710 150 7.15046953E+02
710 175 7.15046985E+02
710 200 7.15047013E+02
710 225 7.15047039E+02
710 25 7.15046745E+02
710 250 7.15047062E+02
710 275 7.15047084E+02
710 300 7.15047104E+02
710 325 7.15047123E+02
710 375 7.15047155E+02
710 425 7.15047184E+02
710 475 7.15047209E+02
710 50 7.15046795E+02
710 525 7.15047232E+02
710 575 7.15047253E+02
710 625 7.15047273E+02
710 675 7.15047292E+02
710 75 7.15046840E+02
710 100 7.14946557E+02
710 125 7.14946593E+02
710 150 7.14946626E+02
710 175 7.14946656E+02
710 200 7.14946683E+02
710 225 7.14946708E+02
710 25 7.14946425E+02
710 250 7.14946731E+02
710 275 7.14946751E+02
710 300 7.14946770E+02
710 325 7.14946788E+02
710 375 7.14946819E+02
710 425 7.14946846E+02
710 475 7.14946868E+02
710 50 7.14946473E+02
710 525 7.14946890E+02
710 575 7.14946909E+02
710 625 7.14946927E+02
710 675 7.14946945E+02
710 75 7.14946517E+02
810 100 8.14386435E+02
810 125 8.14386470E+02
810 150 8.14386503E+02
810 175 8.14386533E+02
810 200 8.14386561E+02
810 225 8.14386589E+02
810 25 8.14386314E+02
810 250 8.14386614E+02
810 275 8.14386637E+02
810 300 8.14386660E+02
810 325 8.14386682E+02
810 375 8.14386721E+02
810 425 8.14386757E+02
810 475 8.14386791E+02
810 50 8.14386357E+02
810 525 8.14386821E+02
810 575 8.14386851E+02
810 625 8.14386879E+02
810 675 8.14386906E+02
810 725 8.14386933E+02
810 75 8.14386397E+02
810 100 8.14355709E+02
810 125 8.14355743E+02
810 150 8.14355775E+02
810 175 8.14355805E+02
810 200 8.14355834E+02
810 225 8.14355860E+02
810 25 8.14355589E+02
810 250 8.14355885E+02
810 275 8.14355909E+02
810 300 8.14355931E+02
810 325 8.14355952E+02
810 375 8.14355991E+02
810 425 8.14356026E+02
810 475 8.14356059E+02
810 50 8.14355632E+02
810 525 8.14356089E+02
810 575 8.14356118E+02
810 625 8.14356145E+02
810 675 8.14356172E+02
810 725 8.14356198E+02
810 75 8.14355671E+02
810 100 8.14330940E+02
810 125 8.14330974E+02
810 150 8.14331006E+02
810 175 8.14331036E+02
810 200 8.14331064E+02
810 225 8.14331090E+02
810 25 8.14330822E+02
810 250 8.14331115E+02
810 275 8.14331138E+02
810 300 8.14331160E+02
810 325 8.14331181E+02
810 375 8.14331219E+02
810 425 8.14331253E+02
810 475 8.14331286E+02
810 50 8.14330864E+02
810 525 8.14331315E+02
810 575 8.14331344E+02
810 625 8.14331371E+02
810 675 8.14331397E+02
810 725 8.14331422E+02
810 75 8.14330903E+02
810 100 8.14246358E+02
810 125 8.14246391E+02
810 150 8.14246422E+02
810 175 8.14246451E+02
810 200 8.14246478E+02
810 225 8.14246503E+02
810 25 8.14246242E+02
810 250 8.14246527E+02
810 275 8.14246549E+02
810 300 8.14246570E+02
810 325 8.14246590E+02
810 375 8.14246626E+02
810 425 8.14246659E+02
810 475 8.14246690E+02
810 50 8.14246284E+02
810 525 8.14246718E+02
810 575 8.14246745E+02
810 625 8.14246770E+02
810 675 8.14246794E+02
810 725 8.14246818E+02
810 75 8.14246322E+02
910 100 9.13803983E+02
910 125 9.13804014E+02
910 150 9.13804044E+02
910 175 9.13804072E+02
910 200 9.13804099E+02
910 225 9.13804125E+02
910 25 9.13803878E+02
910 250 9.13804149E+02
910 275 9.13804172E+02
910 300 9.13804195E+02
910 325 9.13804216E+02
910 375 9.13804257E+02
910 425 9.13804294E+02
910 475 9.13804330E+02
910 50 9.13803915E+02
910 525 9.13804364E+02
910 575 9.13804396E+02
910 625 9.13804427E+02
910 675 9.13804457E+02
910 725 9.13804487E+02
910 75 9.13803949E+02
910 825 9.13804545E+02
910 100 9.13778815E+02
910 125 9.13778846E+02
910 150 9.13778875E+02
910 175 9.13778903E+02
910 200 9.13778930E+02
910 225 9.13778955E+02
910 25 9.13778712E+02
910 250 9.13778979E+02
910 275 9.13779002E+02
910 300 9.13779024E+02
910 325 9.13779045E+02
910 375 9.13779085E+02
910 425 9.13779123E+02
910 475 9.13779158E+02
910 50 9.13778748E+02
910 525 9.13779191E+02
910 575 9.13779222E+02
910 625 9.13779253E+02
910 675 9.13779283E+02
910 725 9.13779311E+02
910 75 9.13778782E+02
910 825 9.13779368E+02
910 100 9.13758179E+02
910 125 9.13758209E+02
910 150 9.13758239E+02
910 175 9.13758267E+02
910 200 9.13758293E+02
910 225 9.13758318E+02
910 25 9.13758077E+02
910 250 9.13758342E+02
910 275 9.13758364E+02
910 300 9.13758386E+02
910 325 9.13758407E+02
910 375 9.13758447E+02
910 425 9.13758484E+02
910 475 9.13758518E+02
910 50 9.13758112E+02
910 525 9.13758551E+02
910 575 9.13758582E+02
910 625 9.13758612E+02
910 675 9.13758641E+02
910 725 9.13758670E+02
910 75 9.13758147E+02
910 825 9.13758725E+02
910 100 9.13686088E+02
910 125 9.13686118E+02
910 150 9.13686146E+02
910 175 9.13686173E+02
910 200 9.13686198E+02
910 225 9.13686223E+02
910 25 9.13685988E+02
910 250 9.13686246E+02
910 275 9.13686268E+02
910 300 9.13686289E+02
910 325 9.13686309E+02
910 375 9.13686347E+02
910 425 9.13686382E+02
910 475 9.13686415E+02
910 50 9.13686024E+02
910 525 9.13686446E+02
910 575 9.13686476E+02
910 625 9.13686504E+02
910 675 9.13686532E+02
910 725 9.13686559E+02
910 75 9.13686057E+02
910 825 9.13686612E+02
